Chr38 Pos_b38 Chr Pos_b37 RSID Allele1 Allele2 Freq1 Effect StdErr P-value n_total_sum
22 30483723 22 30879710 rs60202446 c g 0.19 -0.000961 0.0004569 0.03546 524202
22 30503277 22 30899264 rs11702947 t g 0.84 0.00081 0.0004906 0.09873 525153
22 30504141 22 30900128 rs11704977 t c 0.16 -0.000737 0.0004876 0.1307 525153
22 30533253 22 30929240 rs5997676 t c 0.26 -0.000845 0.0003929 0.03147 566327
22 30533323 22 30929310 rs5753186 a g 0.26 -0.000839 0.0003927 0.03272 566342
22 30533550 22 30929537 rs4820862 a g 0.26 -0.000888 0.0003922 0.0235 567343
22 30533589 22 30929576 rs4820863 a c 0.29 -0.000534 0.0004581 0.244 429021
22 30534093 22 30930080 rs5753187 a t 0.74 0.00091 0.0003941 0.02092 567430
22 30534171 22 30930158 rs2899151 t c 0.26 -0.000927 0.0003972 0.0196 561828
22 30534399 22 30930386 rs2412991 t c 0.28 -0.000716 0.000383 0.06152 567373
22 30534675 22 30930662 rs5997677 t g 0.59 -0.00014 0.0003637 0.7005 525153
22 30534843 22 30930830 rs7285565 a g 0.25 -0.000863 0.0003952 0.02895 567370
22 30536686 22 30932673 rs1107844 t c 0.28 -0.00072 0.0003866 0.06257 561828
22 30536834 22 30932821 rs2079311 t c 0.72 0.000748 0.000384 0.0514 567161
22 30537574 22 30933561 rs764218 a g 0.28 -0.000737 0.0003845 0.05518 567233
22 30537613 22 30933600 rs764217 c g 0.72 0.000728 0.0003845 0.05831 567233
22 30538064 22 30934051 rs2097871 a g 0.28 -0.000735 0.0003847 0.05606 567204
22 30538829 22 30934816 rs5753190 t c 0.25 -0.000917 0.0003994 0.02173 561653
22 30538900 22 30934887 rs5753191 a g 0.49 0.001331 0.0003511 0.0001498 525153
22 30539087 22 30935074 rs5753192 a c 0.49 0.001319 0.0003517 0.0001765 524202
22 30539272 22 30935259 rs5994317 a g 0.72 0.000728 0.0003839 0.0581 567247
22 30539442 22 30935429 rs5753193 c g 0.25 -0.000908 0.0003969 0.0221 567263
22 30540240 22 30936227 rs5749120 a g 0.72 0.000718 0.0003861 0.06311 567315
22 30540794 22 30936781 rs4820865 a g 0.25 -0.000873 0.0003972 0.02799 567342
22 30541320 22 30937307 rs5749122 a g 0.36 -0.000708 0.0003617 0.05035 561828
22 30541525 22 30937512 rs5749123 a g 0.75 0.000909 0.0003984 0.02257 567137
22 30544463 22 30940450 rs5753201 c g 0.28 -0.000708 0.0003955 0.0736 525153
22 30552765 22 30948752 rs6518702 t c 0.57 0.000968 0.0003591 0.007019 522003
22 30556409 22 30952396 rs2267159 t c 0.73 0.000705 0.0003935 0.07315 561828
22 30556954 22 30952941 rs2267160 t c 0.54 0.00073 0.0003575 0.04105 525153
